# Simulation run on 2014-12-05_12-10-32
lib_q=2000,beta=0.0592,delta=0.60	272181.219141
sl_q=2000,beta=0.0319,delta=0.80	301004.809591
guin_q=2000,beta=0.0250,delta=0.20	260535.742098

