# Simulation run on 2014-12-07_02-58-37
lib_q=55,beta=0.0200,delta=0.70,rewire=0.010	403.124888
sl_q=400,beta=0.0200,delta=0.70,rewire=0.010	547.909829019
guin_q=150,beta=0.0200,delta=0.70,rewire=0.010	160.957085378

